2
2
0 0 
1
1 
1
1
1 
1
-2
0 
0
1
2
0 
-1
-1
-1
-1
-1
2
2
0 0 
2
2 1 
1
-1
1 
1
2
0 
0
1
8
0 
1
-2
0 
2
2
0 0 
2
1 0 
1
1
1 
1
-3
0 
0
1
4
0 
1
-1
0 
-1
-1
-1
-1
2
2
0 0 
2
2 1 
1
-1
1 
1
2
0 
0
1
8
0 
1
-2
0 
2
2
0 0 
2
1 0 
1
1
1 
1
-3
0 
0
1
4
0 
1
-1
0 
-1
-1
-1
-1
2
2
0 0 
2
2 1 
1
-1
1 
1
2
0 
0
1
8
0 
1
6
0 
-1
2
2
0 0 
2
1 0 
1
1
1 
1
-3
0 
0
1
4
0 
1
3
0 
-1
-1
-1
2
2
0 0 
2
2 1 
1
-1
1 
1
2
0 
0
1
8
0 
1
6
0 
-1
2
2
0 0 
2
1 0 
1
1
1 
1
-3
0 
0
1
4
0 
1
3
0 
-1
-1
-1
2
4
1 0 0 0 
2
3 2 
3
4
-20
24
2 1 0 
1
-1
2 
1
6
1 
1
-8
0 
0
1
16
0 
1
-4
0 
2
2
0 0 
2
1 0 
1
-2
1 
1
6
0 
0
1
4
0 
1
-1
0 
-1
-1
-1
-1
2
3
0 0 0 
1
2 
1
-1
2 
1
5
1 
1
-6
0 
0
1
2
0 
2
2
0 0 
1
1 
1
1
1 
1
-3
0 
0
1
1
0 
-1
2
2
0 0 
1
1 
1
1
1 
1
-4
0 
0
1
2
0 
-1
-1
2
4
1 0 0 0 
2
3 2 
3
4
-20
24
2 1 0 
1
-1
2 
1
6
1 
1
-8
0 
0
1
16
0 
1
-4
0 
2
2
0 0 
2
1 0 
1
-2
1 
1
6
0 
0
1
4
0 
1
-1
0 
-1
-1
-1
-1
2
3
0 0 0 
1
2 
1
1
2 
1
-5
1 
1
6
0 
0
1
6
0 
-1
2
2
0 0 
1
1 
1
-1
1 
1
3
0 
0
1
3
0 
-1
2
2
0 0 
1
1 
1
1
1 
1
-4
0 
0
1
2
0 
-1
2
4
1 0 0 0 
2
3 2 
3
-4
20
-24
2 1 0 
1
-3
2 
1
18
1 
1
-24
0 
0
1
48
0 
1
36
0 
-1
2
2
0 0 
2
1 0 
1
2
1 
1
-6
0 
0
1
12
0 
1
9
0 
-1
-1
-1
2
4
1 0 0 0 
2
3 2 
3
-4
20
-24
2 1 0 
1
-3
2 
1
18
1 
1
-24
0 
0
1
48
0 
1
36
0 
-1
2
2
0 0 
2
1 0 
1
2
1 
1
-6
0 
0
1
12
0 
1
9
0 
-1
-1
-1
2
2
0 0 
3
4 3 2 
1
1
1 
1
-2
0 
0
1
64
0 
1
-40
0 
1
6
0 
2
2
0 0 
3
2 1 0 
1
-4
1 
1
12
0 
0
1
32
0 
1
-20
0 
1
3
0 
2
2
0 0 
2
2 1 
1
1
1 
1
-3
0 
0
1
8
0 
1
-3
0 
2
2
0 0 
2
1 0 
1
2
1 
1
-8
0 
0
1
8
0 
1
-3
0 
2
3
1 0 0 
2
2 1 
2
-4
16
1 0 
1
-3
1 
1
12
0 
0
1
16
0 
1
-6
0 
2
2
0 0 
2
1 0 
1
3
1 
1
-15
0 
0
1
8
0 
1
-3
0 
2
2
0 0 
3
4 3 2 
1
-3
1 
1
6
0 
0
1
64
0 
1
24
0 
1
-18
0 
2
2
0 0 
2
2 1 
1
1
1 
1
-3
0 
0
1
8
0 
1
-3
0 
2
2
0 0 
3
2 1 0 
1
-4
1 
1
12
0 
0
1
32
0 
1
12
0 
1
-9
0 
2
3
1 0 0 
2
2 1 
2
-4
16
1 0 
1
1
1 
1
-4
0 
0
1
16
0 
1
-6
0 
2
2
0 0 
2
1 0 
1
2
1 
1
-8
0 
0
1
8
0 
1
-3
0 
2
2
0 0 
2
1 0 
1
-1
1 
1
5
0 
0
1
8
0 
1
-3
0 
2
2
0 0 
3
4 3 2 
1
1
1 
1
-2
0 
0
1
64
0 
1
-40
0 
1
6
0 
2
2
0 0 
3
2 1 0 
1
-4
1 
1
12
0 
0
1
32
0 
1
-20
0 
1
3
0 
2
2
0 0 
2
2 1 
1
1
1 
1
-3
0 
0
1
8
0 
1
-3
0 
2
2
0 0 
2
1 0 
1
2
1 
1
-8
0 
0
1
8
0 
1
-3
0 
2
3
1 0 0 
2
2 1 
2
-4
16
1 0 
1
-3
1 
1
12
0 
0
1
16
0 
1
-6
0 
2
2
0 0 
2
1 0 
1
3
1 
1
-15
0 
0
1
8
0 
1
-3
0 
2
2
0 0 
3
4 3 2 
1
-3
1 
1
6
0 
0
1
64
0 
1
24
0 
1
-18
0 
2
2
0 0 
2
2 1 
1
1
1 
1
-3
0 
0
1
8
0 
1
-3
0 
2
2
0 0 
3
2 1 0 
1
-4
1 
1
12
0 
0
1
32
0 
1
12
0 
1
-9
0 
2
3
1 0 0 
2
2 1 
2
-4
16
1 0 
1
1
1 
1
-4
0 
0
1
16
0 
1
-6
0 
2
2
0 0 
2
1 0 
1
2
1 
1
-8
0 
0
1
8
0 
1
-3
0 
2
2
0 0 
2
1 0 
1
-1
1 
1
5
0 
0
1
8
0 
1
-3
0 
